3.48e+07
3.66e+07
1.66e+08
4.03e+05
1.02e+07
5.37e+03
8.33e+06
6.24e+04
2.32e+08
5.53e+06
5.64e+05
1.51e+06
2.28e+06
1.24e+03
6.18e+05
2.77e+06
1.11e+05
3.68e+06
6.68e+06
1.22e+08
9.32e+06
1.13e+04
3.36e+06
1.1e+07
4.97e+05
1.75e+07
2.32e+07
5.35e+05
1.88e+06
5.04e+06
2.28e+07
2.8e+06
2.34e+06
1.28e+07
2.74e+07
4e+06
3.45e+06
9.14e+07
1.17e+07
5.47e+06
8.77e+06
4.2e+06
5.46e+05
1.55e+04
1.58e+04
5.73e+05
2.14e+04
8.77e+05
1.61e+05
1.28e+05
7.56e+05
4.28e+05
1.57e+07
3.1e+06
9.47e+05
6.68e+06
1.02e+07
1.61e+06
1.07e+05
4.12e+05
5.97e+07
2.87e+06
2.74e+06
2.84e+06
9.51e+06
7.62e+07
2.72e+08
7.04e+06
1.44e+05
8.63e+06
4.93e+07
5.08e+06
5.62e+06
4.06e+04
