1.82	-1	-1	-1	-1	-1	-1   9.94e+00 	116.497    -14.631   
0.93	0.08	0.07	-1	-1	-1	-1   1.17e+01     110.420    -69.815 
4.2	1.4	1.4	-1	-1	-1	-1         -1     140.930    -76.815 
0.37	0.04	0.04	-1	-1	-1	-1   3.11e+01     129.216     -4.044 
0.79   -1	-1	-1	-1	-1	-1   9.36e-01     179.305    -72.456 
3.20   -1	-1	-1	-1	-1	-1   4.61e-01     130.719      3.084 
0.58   -1	-1	-1	-1	-1	-1   7.74e-01     258.595    -69.633 
2.00   -1	-1	-1	-1	-1	-1   5.48e+01     136.903      0.697 
0.73   -1	-1	-1	-1	-1	-1   3.97e+00     269.862    -55.310 
0.94	0.11	0.11	1.7	0.7	2.0	0.8  2.03e+02     144.995     -1.221 
0.91	0.16	0.16	1.4	0.7	2.2	0.9  2.30e+01     148.190      0.811 
0.64	1.4	0.6	-1	-1	-1	-1   8.48e-01     217.078    -34.087 
0.84	0.04	0.05	-1	-1	-1	-1   1.81e+01     152.617      7.547 
2.00   -1	-1	-1	-1	-1	-1   5.60e+01     184.558     -5.784 
0.72	0.12	0.09	-1	-1	-1	-1   3.21e+00     179.719     -1.686 
3.0	0.4	0.4	-1	-1	-1	-1   2.36e+00     236.952    -16.758 
3.49	0.36	0.36	-1	-1	-1	-1   2.90e-01     201.108      8.258 
11.3   -1	-1	2.1	0.6	-1	-1   2.05e+02     254.194     -9.192 
2.95   -1	-1	-1	-1	-1	-1   2.77e+01     234.464      7.224 
2.31	0.04	0.04	-1	-1	-1	-1   1.87e+00     139.998     31.618 
0.51	0.03	0.04	-1	-1	-1	-1   2.53e+01     235.890     12.595 
3.5	0.2	0.2	-1	-1	-1	-1   8.62e+01     263.552     -2.787 
4.22   -1	-1	1.8	0.8	6.0	0.7  3.60e+01     260.904     -0.336 
0.56   -1	-1	-1	-1	-1	-1   5.52e+00     257.190      4.710 
0.82	0.13	0.13	-1	-1	-1	-1   5.08e+00     225.420     36.392 
3.82	0.07	0.07    -1	-1	-1	-1   5.72e+00     228.908     43.697 
1.48   -1	-1	-1	-1	-1	-1   4.04e+01     265.591     33.590 
1.53   -1	-1	-1	-1	-1	-1        -1      285.984      6.649 
1.47   -1	-1	-1	-1	-1	-1   2.15e+01     284.451     18.069 
2.8	0.16	0.16	-1	-1	-1	-1   3.92e+00     241.902     69.195 
1.16	0.08	0.08	-1	-1	-1	-1   7.06e+00     252.450     86.541 
1.34   -1	-1	-1	-1	-1	-1   1.05e+01     309.874     18.415 
0.47	0.03	0.03	-1	-1	-1	-1   3.53e+01     91.325     52.287  
1.15	-1	-1	-1	-1	-1	-1   2.64e+00     0.566     36.608   
0.13	0.02	0.02	-1	-1	-1	-1   2.05e+02     45.775      5.90   
0.384	0.081	0.081	2.0	0.5	-1	-1   2.12e+02     334.540      6.367 
2.91    -1	-1	-1	-1	-1	-1   1.78e+02     14.114     26.062  
5.41    -1	-1	-1	-1	-1	-1   2.93e+01     20.134     18.936  
2.35   -1	-1	-1	-1	-1	-1   3.44e+01     354.561      2.525 
4.32    -1	-1	-1	-1	-1	-1   3.17e+01     17.271     13.284  
4.77    -1	-1	-1	-1	-1	-1   8.87e+01     37.085     21.679  
3.21   -1	-1	-1	-1	-1	-1   1.06e+02     350.555     -4.749 
1.91   -1	-1	-1	-1	5.5	0.6  5.20e-01     358.553     -0.963 
5.22   -1	-1	-1	-1	-1	-1   1.81e+01     5.254     -0.882   
3.94    -1	-1	4.0	0.6	 4.9	0.3  1.47e+02     8.395      0.146   
4.74    -1	-1	3.2	0.5	-1	-1   6.71e+01     12.279     -3.106  
4.12    -1	-1	-1	-1	-1	-1   3.56e+01     18.001     -0.691  
4.68    -1	-1	-1	-1	-1	-1   2.32e+02     4.604     -3.418   
4.85    -1	-1	4.7	0.3	5.8	0.3  5.68e+01     23.272      0.298  
2.83    -1	-1	-1	-1	-1	-1   2.09e+01     21.222     -1.512  
4.47    -1	-1	-1	-1	-1	-1   1.07e+02     22.263     -1.415  
3.99    -1	-1	4.8	1.	5.7	1.7  4.75e+01     48.260      0.624  
0.66    -1	-1	-1	-1	2.8	1.2  5.40e-01     55.777      3.501  
2.77	0.07	0.07	2.77	0.07	-1	-1   3.46e+00     47.382     -3.884  
0.22	0.08	0.12	5.2	1.7	-1	-1   5.75e+02     52.436     -2.093  
4.74    -1	-1	-1	-1	-1	-1   6.74e+01     13.901    -21.824  
1.54    -1	-1	-1	-1	-1	-1   1.49e+01     11.108    -24.121  
7.87    -1	-1	-1	-1	-1	-1   5.14e+02     70.702      5.047  
2.37    -1	-1	3.1	2.0	-1	-1   9.00e+00     68.765      2.823  
13.07    -1	-1	-1	-1	-1	-1   1.09e+03     75.930      2.476  
1.03	0.1	0.1	3.2	2.1	-1	-1   2.88e+01     68.099     -3.983  
0.37	0.12	0.12	3.1	2.1	-1	-1   1.68e+02     68.863     -4.671  
0.5	0.07	0.07	-1	-1	-1	-1   8.75e+01     87.862      8.380  
1.05	0.03	0.02	-1	-1	-1	-1   1.17e+01     30.514    -33.077  
0.17	0.03	0.03	-1	-1	-1	-1   6.50e+01     79.133     -5.589  
4.96    -1	-1	-1	-1	-1	-1   1.51e+02     86.909     -2.012  
6.05	0.56	0.56	-1	-1	-1	-1   2.05e-02     2.794    -49.466   
0.28	0.06	0.06	-1	-1	-1	-1   1.43e+02     90.488    -11.341  
14.85   -1	-1	-1	-1	-1	-1   5.95e+02     106.566     -0.111 
3.66   -1	-1	-1	-1	-1	-1   3.38e+01      97.721    -26.657 
0.93	0.06	0.07	-1	-1	-1	-1   1.69e+01     104.410    -16.422 
3.03   -1	-1	2.6	0.6	-1	-1   8.75e+01     112.095     -0.566 
0.49   -1	-1	-1	-1	-1	-1   7.20e-01      49.394    -70.190 
3.15   -1	-1	-1	-1	-1	-1   8.54e+00     114.284      0.233 
3.60	-1	-1	-1	-1	-1      -1     -1	129.384     -0.431 
4.0	1.3	1.3	-1	-1	-1	-1     -1	195.134      4.266 
2.77	0.89	0.89	-1	-1	-1	-1	-1	244.158     -8.165 
2.20	-1	-1	-1	-1	-1	-1     -1	260.382     -3.473 
9.55	-1	-1	-1	-1	-1	-1     3.13e+02	327.237     -0.132 
13.00   -1	-1	-1	-1	-1	-1     -1	9.996     -0.242 
3.60   -1	-1	-1	-1	-1	-1	5.83e+01	10.727     -0.158 
6.2	0.6	0.6	-1	-1	-1	-1	-1	358.606    -17.212 
3.30   -1	-1	-1	-1	-1	-1	-1   109.087     -0.996 
